3685
2503
3510
413
3124
1476
1315
1451
859
2983
471
1063
1853
2246
3122
701
975
2363
1660
422
1473
670
1251
2471
537
1106
2642
3062
2651
3077
2187
1314
2419
160
378
242
1788
1718
1968
4028
3201
3917
634
2058
2982
3872
3136
946
1434
835
824
1093
2620
331
3682
2110
2366
2022
1185
3493
424
2585
247
561
3647
2423
3624
3296
2617
3145
223
2031
103
1082
4082
3004
1581
1116
446
3712
2805
2186
2473
177
3683
1597
82
154
1544
3894
3535
607
2866
437
548
3302
4036
2456
3120
2757
572
3735
2640
3693
636
2939
3191
2628
21
695
3926
1443
3637
360
3444
971
336
2120
1086
3272
691
2936
2951
4081
205
3382
3130
1090
2406
2716
1084
3733
657
2469
1977
951
3891
2232
3477
2886
2875
1446
2949
4061
1702
2280
3999
2038
2476
3499
911
2092
1715
1453
1735
2237
792
3486
2115
1447
75
3124
189
178
3963
777
2279
3051
3552
1119
2452
2678
513
1456
3080
2982
2772
1088
88
3379
361
3551
254
2059
2954
2836
879
2309
2504
1549
492
454
58
41
1472
868
2340
3416
2175
3292
1815
4091
3357
1695
392
2678
2394
3339
2579
15
1125
3232
3772
777
3144
1450
1745
1257
3095
3274
2407
117
2253
3035
615
3157
3978
3320
898
2647
1281
2485
3705
120
1599
1511
2000
2274
3946
1771
805
677
3455
2885
1994
2579
3012
645
779
580
3659
2505
139
271
2805
783
1796
1840
3322
4
65
3914
584
987
174
790
370
18
124
365
3578
2288
3973
3247
509
3659
1946
2514
3823
3255
1836
618
1007
3976
2787
1074
1646
3646
3909
1038
619
1306
635
3616
1569
772
3235
3629
2105
2433
3649
1447
2915
798
214
2760
2558
1720
1593
202
1034
874
1617
3209
1675
3994
366
2452
1006
1264
3960
3038
1905
1382
618
3237
1422
1575
3781
3459
916
511
2534
1830
3503
2466
145
1868
230
868
418
709
434
2048
3366
96
1423
3090
4069
2269
160
204
3426
1135
224
2222
1628
2098
1918
2834
829
247
2690
3972
2587
228
1149
2651
1674
1444
3320
1649
2661
3645
332
2187
4093
3735
86
1519
996
299
3696
210
1024
3959
2952
632
2405
2658
3502
3735
3309
2104
3717
1826
2251
1847
399
4025
573
1803
3708
3282
3926
1065
1175
2847
873
3985
3857
3535
509
1244
3198
730
653
710
4021
3943
249
1048
3282
1000
833
3326
5
2894
883
2022
2782
2202
3067
1906
2607
331
283
866
645
1214
2052
1549
1747
3701
1876
2321
804
2831
2441
387
3979
3882
2137
2476
224
1192
2298
4070
800
2851
2393
2666
2224
1898
1946
141
2279
3048
2238
706
3904
3997
7
302
3101
1664
1069
2575
931
190
1285
2606
1227
735
2624
1519
2057
2727
4046
3498
1493
2790
2884
2122
1521
2648
2048
3055
3408
3840
2828
2747
2529
3776
3579
1387
1908
242
2432
2952
1632
2828
3578
1659
2600
3218
1021
4001
1514
2297
4087
1557
1070
2811
3166
2748
3702
3011
1065
133
359
381
1167
2780
3537
3398
3104
1360
3761
3729
177
3749
3402
429
1552
3911
537
2064
3147
2873
427
1492
3801
2382
2108
1373
1454
1961
1457
2340
844
2439
296
178
1833
2974
192
2517
3013
382
3693
756
1748
1648
1047
3630
3682
1587
3749
3974
2604
1926
897
2271
1007
2791
2223
2835
2338
3585
1299
2291
829
1959
2174
1422
1015
1172
2795
3109
1344
2221
174
98
32
1519
2613
118
2553
3094
1967
290
1741
2723
1881
2066
3234
282
379
2967
3118
1369
1869
1384
1401
290
1400
1385
2554
33
1959
1823
433
2730
2452
3866
2226
1437
558
2599
1967
2292
3065
2093
2078
3563
2413
424
1442
3773
3455
2544
332
61
3344
2186
856
2012
1070
4029
2534
2706
218
477
1159
23
3789
804
2856
134
732
2699
955
3266
570
3964
3703
3698
999
3623
414
1258
1898
819
1256
335
4070
1123
3167
1784
2054
2328
1693
3434
2451
1898
40
2212
1262
1674
711
843
1538
3122
2070
1862
2645
3803
3088
2447
3363
1699
4073
2920
3141
1332
3032
3210
2621
2591
1321
3076
1740
2935
1942
2354
3953
2888
613
3209
245
3263
3747
3077
2304
670
3889
4073
1245
1976
2351
160
1809
3390
1444
2475
2566
480
2569
1767
656
3914
1443
571
3503
313
2604
3111
141
3751
3092
170
1228
3859
629
2509
3046
2368
2529
1228
2766
1178
1174
1337
2490
1797
2243
1962
1679
3122
867
732
2854
3349
1326
2214
3282
541
1305
4001
3936
4074
326
4087
1796
0
213
92
2863
2534
3144
3137
1665
1469
3810
2444
3954
3176
2586
186
1308
3504
986
2395
2774
3840
3289
1595
1627
2514
1732
2466
3641
3811
2495
227
4012
1069
545
2775
3202
2127
1831
3547
2121
3772
3375
2012
3566
3160
3963
3115
2251
116
2123
3275
871
1891
3735
731
372
3832
1210
1456
473
4066
169
3221
2709
3526
3738
1970
667
545
841
4038
1370
1055
1992
1166
989
51
238
2866
132
3923
1007
359
2744
1245
1609
3357
2560
938
2461
1456
1392
1128
2499
1725
2851
3209
3983
214
426
3717
3260
2885
1302
4043
1562
771
3226
1142
2939
3402
2778
392
1186
3606
3069
453
1267
3814
3824
2490
1691
1867
1029
1856
2091
3571
3375
3185
2493
4017
3368
4037
3521
1447
3072
269
1006
3844
1425
3706
2339
1254
2400
2932
584
1516
752
745
3100
3893
387
4072
413
4014
823
2114
1319
828
314
1631
2595
2457
3126
2832
1798
2960
21
2029
1774
1006
2023
219
4075
2601
1911
3588
3219
858
2496
2225
500
1851
756
3453
1932
1576
1717
116
629
509
241
2186
3928
1899
1663
598
2388
3995
3186
60
2067
3722
2472
239
